wavelength (AA) lower bin boundary,  wavelength (AA) upper bin boundary,  Efficiency, rel. err.
7.30618129E-01, 7.51852379E-01, 3.35052680E-03, 7.65244696E-03
7.51852379E-01, 7.73085224E-01, 3.45877403E-03, 7.65325691E-03
7.73085224E-01, 7.94321956E-01, 3.56135694E-03, 7.65077137E-03
7.94321956E-01, 8.15554430E-01, 3.66108404E-03, 7.65309421E-03
8.15554430E-01, 8.36789534E-01, 3.76263983E-03, 7.65217170E-03
8.36789534E-01, 8.58024231E-01, 3.85984030E-03, 7.65218952E-03
8.58024231E-01, 8.79257914E-01, 3.95071390E-03, 7.65214666E-03
8.79257914E-01, 9.00494387E-01, 4.05557202E-03, 7.65066678E-03
9.00494387E-01, 9.21728246E-01, 4.15048909E-03, 7.65231502E-03
9.21728246E-01, 9.42962988E-01, 4.24589947E-03, 7.65590015E-03
9.42962988E-01, 9.64197522E-01, 4.33631448E-03, 7.65138019E-03
9.64197522E-01, 9.85431886E-01, 4.44062439E-03, 7.65209796E-03
9.85431886E-01, 1.00666671E+00, 4.53305182E-03, 7.64902385E-03
1.00666671E+00, 1.02790139E+00, 4.62580860E-03, 7.65103796E-03
1.02790139E+00, 1.04913600E+00, 4.72522806E-03, 7.65163250E-03
1.04913600E+00, 1.07037063E+00, 4.81773985E-03, 7.65120652E-03
1.07037063E+00, 1.09160463E+00, 4.92297848E-03, 7.65083141E-03
1.09160463E+00, 1.11283909E+00, 5.01154215E-03, 7.65098486E-03
1.11283909E+00, 1.13407438E+00, 5.11105998E-03, 7.65565750E-03
1.13407438E+00, 1.15530859E+00, 5.20374061E-03, 7.65807078E-03
1.15530859E+00, 1.17654274E+00, 5.29598077E-03, 7.64365549E-03
1.17654274E+00, 1.19777750E+00, 5.39790501E-03, 7.65115607E-03
1.19777750E+00, 1.21901207E+00, 5.49326985E-03, 7.65095887E-03
1.21901207E+00, 1.24024638E+00, 5.59254647E-03, 7.64984324E-03
1.24024638E+00, 1.26148168E+00, 5.68253952E-03, 7.65134846E-03
1.26148168E+00, 1.28271623E+00, 5.78368380E-03, 7.65191626E-03
1.28271623E+00, 1.30395062E+00, 5.87889699E-03, 7.64550160E-03
1.30395062E+00, 1.32518483E+00, 5.97320399E-03, 7.64467326E-03
1.32518483E+00, 1.34642042E+00, 6.05882775E-03, 7.65008660E-03
1.34642042E+00, 1.36765408E+00, 6.16252580E-03, 7.65036387E-03
1.36765408E+00, 1.38888901E+00, 6.26181373E-03, 7.64880199E-03
1.38888901E+00, 1.41012396E+00, 6.34785100E-03, 7.65355555E-03
1.41012396E+00, 1.43135886E+00, 6.44483220E-03, 7.65364931E-03
1.43135886E+00, 1.45259275E+00, 6.53819018E-03, 7.65072861E-03
1.45259275E+00, 1.47382711E+00, 6.63562893E-03, 7.65476036E-03
1.47382711E+00, 1.49506191E+00, 6.73764196E-03, 7.64750154E-03
1.49506191E+00, 1.51629698E+00, 6.82993890E-03, 7.64969178E-03
1.51629698E+00, 1.53753168E+00, 6.93459899E-03, 7.64980517E-03
1.53753168E+00, 1.55876442E+00, 7.01970154E-03, 7.64600726E-03
1.55876442E+00, 1.57999939E+00, 7.11696811E-03, 7.65312836E-03
1.57999939E+00, 1.60123500E+00, 7.21047811E-03, 7.65171277E-03
1.60123500E+00, 1.62247007E+00, 7.30651123E-03, 7.64573823E-03
1.62247007E+00, 1.64370374E+00, 7.40999980E-03, 7.64840215E-03
1.64370374E+00, 1.66493812E+00, 7.50433302E-03, 7.64349842E-03
1.66493812E+00, 1.68617277E+00, 7.59567315E-03, 7.65432816E-03
1.68617277E+00, 1.70740699E+00, 7.69459963E-03, 7.64953934E-03
1.70740699E+00, 1.72864270E+00, 7.78124041E-03, 7.64678430E-03
1.72864270E+00, 1.74987494E+00, 7.88770245E-03, 7.64909019E-03
1.74987494E+00, 1.77111074E+00, 7.98316583E-03, 7.64719902E-03
1.77111074E+00, 1.79234654E+00, 8.07560120E-03, 7.64905958E-03
1.79234654E+00, 1.81358061E+00, 8.17361324E-03, 7.64641830E-03
1.81358061E+00, 1.83481324E+00, 8.26590128E-03, 7.64796849E-03
1.83481324E+00, 1.85605088E+00, 8.36221877E-03, 7.64927901E-03
1.85605088E+00, 1.87728280E+00, 8.45624501E-03, 7.64655281E-03
1.87728280E+00, 1.89851968E+00, 8.55914187E-03, 7.64676645E-03
1.89851968E+00, 1.91975409E+00, 8.65772944E-03, 7.64841695E-03
1.91975409E+00, 1.94098838E+00, 8.73974608E-03, 7.64500169E-03
1.94098838E+00, 1.96222246E+00, 8.83652061E-03, 7.64934213E-03
1.96222246E+00, 1.98345800E+00, 8.94325973E-03, 7.64589816E-03
1.98345800E+00, 2.00469373E+00, 9.03134367E-03, 7.64733738E-03
2.00469373E+00, 2.02592474E+00, 9.13174236E-03, 7.64801998E-03
2.02592474E+00, 2.04716287E+00, 9.24484351E-03, 7.65238960E-03
2.04716287E+00, 2.06839599E+00, 9.31870077E-03, 7.64966051E-03
2.06839599E+00, 2.08962866E+00, 9.43102407E-03, 7.64821276E-03
2.08962866E+00, 2.11086176E+00, 9.51482988E-03, 7.63957218E-03
2.11086176E+00, 2.13209769E+00, 9.60446092E-03, 7.64684849E-03
2.13209769E+00, 2.15333442E+00, 9.71724205E-03, 7.65073237E-03
2.15333442E+00, 2.17457097E+00, 9.81345688E-03, 7.65025415E-03
2.17457097E+00, 2.19580111E+00, 9.90299923E-03, 7.65693787E-03
2.19580111E+00, 2.21703909E+00, 1.00059245E-02, 7.64735098E-03
2.21703909E+00, 2.23827465E+00, 1.00878551E-02, 7.64392898E-03
2.23827465E+00, 2.25950458E+00, 1.01920468E-02, 7.64484903E-03
2.25950458E+00, 2.28074092E+00, 1.02893163E-02, 7.64908131E-03
2.28074092E+00, 2.30197590E+00, 1.03803968E-02, 7.64981460E-03
2.30197590E+00, 2.32320958E+00, 1.04885924E-02, 7.64882951E-03
2.32320958E+00, 2.34444308E+00, 1.05869351E-02, 7.64742482E-03
2.34444308E+00, 2.36567869E+00, 1.06880245E-02, 7.64516355E-03
2.36567869E+00, 2.38691163E+00, 1.07863865E-02, 7.64593369E-03
2.38691163E+00, 2.40814611E+00, 1.08769026E-02, 7.64541948E-03
2.40814611E+00, 2.42937898E+00, 1.09609378E-02, 7.64710124E-03
2.42937898E+00, 2.45061668E+00, 1.10715015E-02, 7.64767577E-03
2.45061668E+00, 2.47184874E+00, 1.11599135E-02, 7.64800773E-03
2.47184874E+00, 2.49308341E+00, 1.12551304E-02, 7.64751577E-03
2.49308341E+00, 2.51432095E+00, 1.13662120E-02, 7.64392257E-03
2.51432095E+00, 2.53555251E+00, 1.14743993E-02, 7.64501566E-03
2.53555251E+00, 2.55678955E+00, 1.15663441E-02, 7.64386271E-03
2.55678955E+00, 2.57802457E+00, 1.16497206E-02, 7.64711394E-03
2.57802457E+00, 2.59926077E+00, 1.17683549E-02, 7.65011636E-03
2.59926077E+00, 2.62049147E+00, 1.18509710E-02, 7.64411872E-03
2.62049147E+00, 2.64173254E+00, 1.19570268E-02, 7.64684626E-03
2.64173254E+00, 2.66296756E+00, 1.20372982E-02, 7.64675385E-03
2.66296756E+00, 2.68420277E+00, 1.21415651E-02, 7.64862274E-03
2.68420277E+00, 2.70543363E+00, 1.22501446E-02, 7.64527082E-03
2.70543363E+00, 2.72666822E+00, 1.23351095E-02, 7.64497909E-03
2.72666822E+00, 2.74790335E+00, 1.24325803E-02, 7.64813788E-03
2.74790335E+00, 2.76913617E+00, 1.25277032E-02, 7.64372677E-03
2.76913617E+00, 2.79036417E+00, 1.26319091E-02, 7.64367002E-03
2.79036417E+00, 2.81159878E+00, 1.27382534E-02, 7.64824088E-03
2.81159878E+00, 2.83283923E+00, 1.28083269E-02, 7.64494246E-03
2.83283923E+00, 2.85407098E+00, 1.29278570E-02, 7.64430587E-03
2.85407098E+00, 2.87530925E+00, 1.29998670E-02, 7.64710288E-03
2.87530925E+00, 2.89654298E+00, 1.31101862E-02, 7.64657920E-03
2.89654298E+00, 2.91777733E+00, 1.32143167E-02, 7.63890508E-03
2.91777733E+00, 2.93901226E+00, 1.32948266E-02, 7.64326818E-03
2.93901226E+00, 2.96024666E+00, 1.33978598E-02, 7.64956466E-03
2.96024666E+00, 2.98148142E+00, 1.34891716E-02, 7.64311595E-03
2.98148142E+00, 3.00271637E+00, 1.35871724E-02, 7.64391286E-03
3.00271637E+00, 3.02395009E+00, 1.36952607E-02, 7.65215391E-03
3.02395009E+00, 3.04518498E+00, 1.37739375E-02, 7.64697616E-03
3.04518498E+00, 3.06642057E+00, 1.38840418E-02, 7.63988649E-03
3.06642057E+00, 3.08765502E+00, 1.39795397E-02, 7.64221679E-03
3.08765502E+00, 3.10888857E+00, 1.40670669E-02, 7.62860062E-03
3.10888857E+00, 3.13012383E+00, 1.41573337E-02, 7.64690776E-03
3.13012383E+00, 3.15135829E+00, 1.42615378E-02, 7.64245447E-03
3.15135829E+00, 3.17259357E+00, 1.43752585E-02, 7.64222273E-03
3.17259357E+00, 3.19382781E+00, 1.44375732E-02, 7.64518483E-03
3.19382781E+00, 3.21506147E+00, 1.45568337E-02, 7.64549040E-03
3.21506147E+00, 3.23629540E+00, 1.46585111E-02, 7.64267515E-03
3.23629540E+00, 3.25753093E+00, 1.47326596E-02, 7.64537512E-03
3.25753093E+00, 3.27876554E+00, 1.48489349E-02, 7.64021317E-03
3.27876554E+00, 3.29999909E+00, 1.49270450E-02, 7.64273632E-03
3.29999909E+00, 3.32123402E+00, 1.50064878E-02, 7.64331636E-03
3.32123402E+00, 3.34246875E+00, 1.51233242E-02, 7.64630018E-03
3.34246875E+00, 3.36370424E+00, 1.52191867E-02, 7.64462121E-03
3.36370424E+00, 3.38493714E+00, 1.53204937E-02, 7.64519391E-03
3.38493714E+00, 3.40617382E+00, 1.53944888E-02, 7.64421625E-03
3.40617382E+00, 3.42740671E+00, 1.55098620E-02, 7.63931970E-03
3.42740671E+00, 3.44864303E+00, 1.55972593E-02, 7.64249938E-03
3.44864303E+00, 3.46987552E+00, 1.56763274E-02, 7.64231102E-03
3.46987552E+00, 3.49111230E+00, 1.57687811E-02, 7.64562684E-03
3.49111230E+00, 3.51234652E+00, 1.58662572E-02, 7.63166167E-03
3.51234652E+00, 3.53357918E+00, 1.59843945E-02, 7.64146713E-03
3.53357918E+00, 3.55481443E+00, 1.60545955E-02, 7.63856482E-03
3.55481443E+00, 3.57604859E+00, 1.61570907E-02, 7.64189607E-03
3.57604859E+00, 3.59728370E+00, 1.62409580E-02, 7.63902260E-03
3.59728370E+00, 3.61851933E+00, 1.63372004E-02, 7.64276144E-03
3.61851933E+00, 3.63975233E+00, 1.64292098E-02, 7.64046353E-03
3.63975233E+00, 3.66098861E+00, 1.65131472E-02, 7.63627751E-03
3.66098861E+00, 3.68222254E+00, 1.66440383E-02, 7.64099575E-03
3.68222254E+00, 3.70345766E+00, 1.67077551E-02, 7.63914706E-03
3.70345766E+00, 3.72469171E+00, 1.67882306E-02, 7.64342787E-03
3.72469171E+00, 3.74592572E+00, 1.68833126E-02, 7.63790339E-03
3.74592572E+00, 3.76716105E+00, 1.69665080E-02, 7.64144604E-03
3.76716105E+00, 3.78839606E+00, 1.70820614E-02, 7.63971821E-03
3.78839606E+00, 3.80962924E+00, 1.71714461E-02, 7.64026673E-03
3.80962924E+00, 3.83086263E+00, 1.72471019E-02, 7.63916601E-03
3.83086263E+00, 3.85209865E+00, 1.73449271E-02, 7.64335179E-03
3.85209865E+00, 3.87333302E+00, 1.74309748E-02, 7.64694905E-03
3.87333302E+00, 3.89456857E+00, 1.75102649E-02, 7.64510685E-03
3.89456857E+00, 3.91580125E+00, 1.76018809E-02, 7.64319032E-03
3.91580125E+00, 3.93703809E+00, 1.77175826E-02, 7.63780676E-03
3.93703809E+00, 3.95827168E+00, 1.77922369E-02, 7.64112930E-03
3.95827168E+00, 3.97950584E+00, 1.78869563E-02, 7.63853004E-03
3.97950584E+00, 4.00074098E+00, 1.79525428E-02, 7.64174307E-03
4.00074098E+00, 4.02197372E+00, 1.80607129E-02, 7.64091626E-03
4.02197372E+00, 4.04320875E+00, 1.81512717E-02, 7.63816286E-03
4.04320875E+00, 4.06444304E+00, 1.82341209E-02, 7.63662328E-03
4.06444304E+00, 4.08567776E+00, 1.83402846E-02, 7.64053665E-03
4.08567776E+00, 4.10691429E+00, 1.83985667E-02, 7.64098260E-03
4.10691429E+00, 4.12815002E+00, 1.84985644E-02, 7.64217972E-03
4.12815002E+00, 4.14938234E+00, 1.86131770E-02, 7.64091500E-03
4.14938234E+00, 4.17061751E+00, 1.86981954E-02, 7.63788038E-03
4.17061751E+00, 4.19185340E+00, 1.87826466E-02, 7.64417618E-03
4.19185340E+00, 4.21308787E+00, 1.88696068E-02, 7.64180179E-03
4.21308787E+00, 4.23431885E+00, 1.89594132E-02, 7.63319211E-03
4.23431885E+00, 4.25555371E+00, 1.90438127E-02, 7.63920114E-03
4.25555371E+00, 4.27679091E+00, 1.91508470E-02, 7.63743179E-03
4.27679091E+00, 4.29802408E+00, 1.92093454E-02, 7.63723066E-03
4.29802408E+00, 4.31926143E+00, 1.93176754E-02, 7.64129238E-03
4.31926143E+00, 4.34049182E+00, 1.94183119E-02, 7.64337856E-03
4.34049182E+00, 4.36172895E+00, 1.94701448E-02, 7.64198702E-03
4.36172895E+00, 4.38296180E+00, 1.95621960E-02, 7.64008204E-03
4.38296180E+00, 4.40419967E+00, 1.96583498E-02, 7.64075681E-03
4.40419967E+00, 4.42543141E+00, 1.97395746E-02, 7.63604171E-03
4.42543141E+00, 4.44666686E+00, 1.98296374E-02, 7.64411597E-03
4.44666686E+00, 4.46790021E+00, 1.99162749E-02, 7.63810444E-03
4.46790021E+00, 4.48913652E+00, 2.00111480E-02, 7.63857250E-03
4.48913652E+00, 4.51037005E+00, 2.00889673E-02, 7.63722865E-03
4.51037005E+00, 4.53160629E+00, 2.02189295E-02, 7.64003612E-03
4.53160629E+00, 4.55283959E+00, 2.02728525E-02, 7.63547106E-03
4.55283959E+00, 4.57407584E+00, 2.03176263E-02, 7.63879349E-03
4.57407584E+00, 4.59530953E+00, 2.04657820E-02, 7.63949281E-03
4.59530953E+00, 4.61654100E+00, 2.05424166E-02, 7.63703401E-03
4.61654100E+00, 4.63777680E+00, 2.05932969E-02, 7.63735673E-03
4.63777680E+00, 4.65901165E+00, 2.07134549E-02, 7.64448477E-03
4.65901165E+00, 4.68024635E+00, 2.08042633E-02, 7.64508422E-03
4.68024635E+00, 4.70148185E+00, 2.08757090E-02, 7.63884046E-03
4.70148185E+00, 4.72271286E+00, 2.09817035E-02, 7.63407098E-03
4.72271286E+00, 4.74395350E+00, 2.10404141E-02, 7.63547722E-03
4.74395350E+00, 4.76518570E+00, 2.11529450E-02, 7.63358129E-03
4.76518570E+00, 4.78641733E+00, 2.11940245E-02, 7.63825657E-03
4.78641733E+00, 4.80765681E+00, 2.12922031E-02, 7.64065910E-03
4.80765681E+00, 4.82888561E+00, 2.14020825E-02, 7.63566870E-03
4.82888561E+00, 4.85012614E+00, 2.14768197E-02, 7.63792091E-03
4.85012614E+00, 4.87135974E+00, 2.15861728E-02, 7.63873333E-03
4.87135974E+00, 4.89259547E+00, 2.16270552E-02, 7.63495232E-03
4.89259547E+00, 4.91382852E+00, 2.17433819E-02, 7.63925000E-03
4.91382852E+00, 4.93506125E+00, 2.18350143E-02, 7.63625128E-03
4.93506125E+00, 4.95629626E+00, 2.19279903E-02, 7.63421280E-03
4.95629626E+00, 4.97752885E+00, 2.19886635E-02, 7.63816027E-03
4.97752885E+00, 4.99876181E+00, 2.20955226E-02, 7.63737688E-03
4.99876181E+00, 5.01999818E+00, 2.21308796E-02, 7.63300984E-03
5.01999818E+00, 5.04123344E+00, 2.22555719E-02, 7.62733386E-03
5.04123344E+00, 5.06247083E+00, 2.23434464E-02, 7.63660265E-03
5.06247083E+00, 5.08370584E+00, 2.24235717E-02, 7.63739396E-03
5.08370584E+00, 5.10494198E+00, 2.25540986E-02, 7.63687638E-03
5.10494198E+00, 5.12617477E+00, 2.26052948E-02, 7.63832910E-03
5.12617477E+00, 5.14740795E+00, 2.26940368E-02, 7.64043965E-03
5.14740795E+00, 5.16864553E+00, 2.27585323E-02, 7.63522744E-03
5.16864553E+00, 5.18987474E+00, 2.28519408E-02, 7.63769393E-03
5.18987474E+00, 5.21110820E+00, 2.28976297E-02, 7.63892278E-03
5.21110820E+00, 5.23234175E+00, 2.30057975E-02, 7.63772177E-03
5.23234175E+00, 5.25357995E+00, 2.31003030E-02, 7.63688877E-03
5.25357995E+00, 5.27481873E+00, 2.31630682E-02, 7.63613832E-03
5.27481873E+00, 5.29605388E+00, 2.32726708E-02, 7.63680183E-03
5.29605388E+00, 5.31728107E+00, 2.33222433E-02, 7.63665401E-03
5.31728107E+00, 5.33851447E+00, 2.34086339E-02, 7.63692974E-03
5.33851447E+00, 5.35975018E+00, 2.35051229E-02, 7.63534901E-03
5.35975018E+00, 5.38098419E+00, 2.36032949E-02, 7.63760626E-03
5.38098419E+00, 5.40222203E+00, 2.36427822E-02, 7.63510091E-03
5.40222203E+00, 5.42345981E+00, 2.37610853E-02, 7.63539530E-03
5.42345981E+00, 5.44469354E+00, 2.38414622E-02, 7.63723938E-03
5.44469354E+00, 5.46592908E+00, 2.39423269E-02, 7.63410577E-03
5.46592908E+00, 5.48716258E+00, 2.39711628E-02, 7.63618972E-03
5.48716258E+00, 5.50839007E+00, 2.40821417E-02, 7.63598755E-03
5.50839007E+00, 5.52962813E+00, 2.41555831E-02, 7.63780570E-03
5.52962813E+00, 5.55086285E+00, 2.42695806E-02, 7.63598926E-03
5.55086285E+00, 5.57210087E+00, 2.43481214E-02, 7.63539184E-03
5.57210087E+00, 5.59333853E+00, 2.44422429E-02, 7.63518090E-03
5.59333853E+00, 5.61457207E+00, 2.45084478E-02, 7.63579030E-03
5.61457207E+00, 5.63579761E+00, 2.46046526E-02, 7.63480069E-03
5.63579761E+00, 5.65703333E+00, 2.46863218E-02, 7.63050296E-03
5.65703333E+00, 5.67827592E+00, 2.47314118E-02, 7.63533519E-03
5.67827592E+00, 5.69951064E+00, 2.48369679E-02, 7.63307584E-03
5.69951064E+00, 5.72074506E+00, 2.49192465E-02, 7.63451127E-03
5.72074506E+00, 5.74197559E+00, 2.49814470E-02, 7.63430003E-03
5.74197559E+00, 5.76321024E+00, 2.50660030E-02, 7.63243955E-03
5.76321024E+00, 5.78444562E+00, 2.51783509E-02, 7.63388916E-03
5.78444562E+00, 5.80567825E+00, 2.52437373E-02, 7.62596447E-03
5.80567825E+00, 5.82691666E+00, 2.53210151E-02, 7.63339943E-03
5.82691666E+00, 5.84814535E+00, 2.54257615E-02, 7.63379141E-03
5.84814535E+00, 5.86938530E+00, 2.54928754E-02, 7.62892471E-03
5.86938530E+00, 5.89062099E+00, 2.55760811E-02, 7.63435543E-03
5.89062099E+00, 5.91184888E+00, 2.56837928E-02, 7.63463896E-03
5.91184888E+00, 5.93309091E+00, 2.57502594E-02, 7.63466008E-03
5.93309091E+00, 5.95431840E+00, 2.58038193E-02, 7.63635346E-03
5.95431840E+00, 5.97555366E+00, 2.58892520E-02, 7.63320496E-03
5.97555366E+00, 5.99679366E+00, 2.59954825E-02, 7.63489003E-03
5.99679366E+00, 6.01802198E+00, 2.60578413E-02, 7.63559275E-03
6.01802198E+00, 6.03926191E+00, 2.61662029E-02, 7.63308071E-03
6.03926191E+00, 6.06049704E+00, 2.62491595E-02, 7.63537912E-03
6.06049704E+00, 6.08172399E+00, 2.63325895E-02, 7.63316407E-03
6.08172399E+00, 6.10296715E+00, 2.64022690E-02, 7.63252162E-03
6.10296715E+00, 6.12419580E+00, 2.64681652E-02, 7.63311105E-03
6.12419580E+00, 6.14543474E+00, 2.65402027E-02, 7.63273654E-03
6.14543474E+00, 6.16666684E+00, 2.66148967E-02, 7.63346027E-03
6.16666684E+00, 6.18790330E+00, 2.67129667E-02, 7.63309807E-03
6.18790330E+00, 6.20914120E+00, 2.68192722E-02, 7.63040328E-03
6.20914120E+00, 6.23037754E+00, 2.68829802E-02, 7.63419445E-03
6.23037754E+00, 6.25160926E+00, 2.69704983E-02, 7.63361382E-03
6.25160926E+00, 6.27283322E+00, 2.70595509E-02, 7.63442906E-03
6.27283322E+00, 6.29407669E+00, 2.71148351E-02, 7.63256047E-03
6.29407669E+00, 6.31530653E+00, 2.72131508E-02, 7.63160882E-03
6.31530653E+00, 6.33655047E+00, 2.72656434E-02, 7.63232397E-03
6.33655047E+00, 6.35777463E+00, 2.73750243E-02, 7.63427755E-03
6.35777463E+00, 6.37900724E+00, 2.74353034E-02, 7.63125200E-03
6.37900724E+00, 6.40024568E+00, 2.75197608E-02, 7.63457231E-03
6.40024568E+00, 6.42148726E+00, 2.75904741E-02, 7.63263886E-03
6.42148726E+00, 6.44271290E+00, 2.76810018E-02, 7.63259101E-03
6.44271290E+00, 6.46395232E+00, 2.77573881E-02, 7.63379103E-03
6.46395232E+00, 6.48518646E+00, 2.78583100E-02, 7.63264087E-03
6.48518646E+00, 6.50641237E+00, 2.78990630E-02, 7.63219680E-03
6.50641237E+00, 6.52766106E+00, 2.79933163E-02, 7.62992269E-03
6.52766106E+00, 6.54889612E+00, 2.81167848E-02, 7.63653333E-03
6.54889612E+00, 6.57013174E+00, 2.81875131E-02, 7.63297907E-03
6.57013174E+00, 6.59136524E+00, 2.82790201E-02, 7.77573270E-03
6.59136524E+00, 6.61259387E+00, 2.83541211E-02, 7.63349859E-03
6.61259387E+00, 6.63383264E+00, 2.84396228E-02, 7.77415189E-03
6.63383264E+00, 6.65506119E+00, 2.84773094E-02, 7.63295237E-03
6.65506119E+00, 6.67629476E+00, 2.85780798E-02, 7.63086862E-03
6.67629476E+00, 6.69753089E+00, 2.86710396E-02, 7.76999635E-03
6.69753089E+00, 6.71876703E+00, 2.87430339E-02, 7.63116353E-03
6.71876703E+00, 6.74000059E+00, 2.88019955E-02, 7.77530343E-03
6.74000059E+00, 6.76122893E+00, 2.88873293E-02, 7.63098945E-03
6.76122893E+00, 6.78246842E+00, 2.89267997E-02, 7.77463294E-03
6.78246842E+00, 6.80369757E+00, 2.90489869E-02, 7.77440299E-03
6.80369757E+00, 6.82493301E+00, 2.91480086E-02, 7.77417194E-03
6.82493301E+00, 6.84617240E+00, 2.92062662E-02, 7.77358078E-03
6.84617240E+00, 6.86741335E+00, 2.92874437E-02, 7.77347188E-03
6.86741335E+00, 6.88863346E+00, 2.93192406E-02, 7.77452226E-03
6.88863346E+00, 6.90987001E+00, 2.94243642E-02, 7.77381822E-03
6.90987001E+00, 6.93112100E+00, 2.95141481E-02, 7.77292385E-03
6.93112100E+00, 6.95234334E+00, 2.96232747E-02, 7.76768205E-03
6.95234334E+00, 6.97357526E+00, 2.96759943E-02, 7.77241209E-03
6.97357526E+00, 6.99481462E+00, 2.97419411E-02, 7.77420497E-03
6.99481462E+00, 7.01605925E+00, 2.98447982E-02, 7.76905873E-03
7.01605925E+00, 7.03728561E+00, 2.98983795E-02, 7.77300889E-03
7.03728561E+00, 7.05851234E+00, 3.00024488E-02, 7.77771074E-03
7.05851234E+00, 7.07975879E+00, 3.00697292E-02, 7.77238808E-03
7.07975879E+00, 7.10097940E+00, 3.01357149E-02, 7.77365870E-03
7.10097940E+00, 7.12221531E+00, 3.02204255E-02, 7.77274095E-03
7.12221531E+00, 7.14346464E+00, 3.02839144E-02, 7.77381380E-03
7.14346464E+00, 7.16468051E+00, 3.03685318E-02, 7.77374650E-03
7.16468051E+00, 7.18592777E+00, 3.04771601E-02, 7.76828872E-03
7.18592777E+00, 7.20715925E+00, 3.05800856E-02, 7.77379264E-03
7.20715925E+00, 7.22839535E+00, 3.06427233E-02, 7.77192811E-03
7.22839535E+00, 7.24963397E+00, 3.07020827E-02, 7.77292920E-03
7.24963397E+00, 7.27087295E+00, 3.07344581E-02, 7.77144575E-03
7.27087295E+00, 7.29211009E+00, 3.08462447E-02, 7.77227213E-03
7.29211009E+00, 7.31334314E+00, 3.09260528E-02, 7.77270561E-03
7.31334314E+00, 7.33456982E+00, 3.10224313E-02, 7.77153134E-03
7.33456982E+00, 7.35581211E+00, 3.10615769E-02, 7.77406534E-03
7.35581211E+00, 7.37704373E+00, 3.11784615E-02, 7.77372051E-03
7.37704373E+00, 7.39826225E+00, 3.12274771E-02, 7.77043516E-03
7.39826225E+00, 7.41951513E+00, 3.13608313E-02, 7.76950133E-03
7.41951513E+00, 7.44075079E+00, 3.14024144E-02, 7.77201206E-03
7.44075079E+00, 7.46196666E+00, 3.14789017E-02, 7.77302491E-03
7.46196666E+00, 7.48321137E+00, 3.15263252E-02, 7.77134101E-03
7.48321137E+00, 7.50443192E+00, 3.16606075E-02, 7.77119174E-03
7.50443192E+00, 7.52567771E+00, 3.17377809E-02, 7.77183324E-03
7.52567771E+00, 7.54692106E+00, 3.17666295E-02, 7.77166310E-03
7.54692106E+00, 7.56815986E+00, 3.19007261E-02, 7.76937468E-03
7.56815986E+00, 7.58939195E+00, 3.19272748E-02, 7.77130957E-03
7.58939195E+00, 7.61061513E+00, 3.20316467E-02, 7.76810203E-03
7.61061513E+00, 7.63185433E+00, 3.21498051E-02, 7.77255472E-03
7.63185433E+00, 7.65308057E+00, 3.21816912E-02, 7.77238013E-03
7.65308057E+00, 7.67431915E+00, 3.22914817E-02, 7.76603338E-03
7.67431915E+00, 7.69556839E+00, 3.23109732E-02, 7.77154797E-03
7.69556839E+00, 7.71679851E+00, 3.24383934E-02, 7.77180166E-03
7.71679851E+00, 7.73803539E+00, 3.24554625E-02, 7.77002120E-03
7.73803539E+00, 7.75924869E+00, 3.25475000E-02, 7.76969912E-03
7.75924869E+00, 7.78049348E+00, 3.26050020E-02, 7.76936882E-03
7.78049348E+00, 7.80173957E+00, 3.27187126E-02, 7.77095814E-03
7.80173957E+00, 7.82295583E+00, 3.27438548E-02, 7.76988594E-03
7.82295583E+00, 7.84419861E+00, 3.28369322E-02, 7.77028083E-03
7.84419861E+00, 7.86543693E+00, 3.29531578E-02, 7.77060331E-03
7.86543693E+00, 7.88666880E+00, 3.30399644E-02, 7.77611965E-03
7.88666880E+00, 7.90789218E+00, 3.31220025E-02, 7.76999060E-03
7.90789218E+00, 7.92913547E+00, 3.31961179E-02, 7.77082883E-03
7.92913547E+00, 7.95036659E+00, 3.32781606E-02, 7.76257497E-03
7.95036659E+00, 7.97161436E+00, 3.33554987E-02, 7.76995091E-03
7.97161436E+00, 7.99284613E+00, 3.33986274E-02, 7.76879601E-03
7.99284613E+00, 8.01405969E+00, 3.35126349E-02, 7.77024998E-03
8.01405969E+00, 8.03531622E+00, 3.35871694E-02, 7.77119269E-03
8.03531622E+00, 8.05655101E+00, 3.36788647E-02, 7.76928780E-03
8.05655101E+00, 8.07776174E+00, 3.37468013E-02, 7.77052834E-03
8.07776174E+00, 8.09901100E+00, 3.38359034E-02, 7.77099793E-03
8.09901100E+00, 8.12023248E+00, 3.39295598E-02, 7.76921049E-03
8.12023248E+00, 8.14148971E+00, 3.39858957E-02, 7.77073464E-03
8.14148971E+00, 8.16271530E+00, 3.40253556E-02, 7.63296388E-03
8.16271530E+00, 8.18394025E+00, 3.40512763E-02, 7.76891096E-03
8.18394025E+00, 8.20519657E+00, 3.42349670E-02, 7.76983519E-03
8.20519657E+00, 8.22641522E+00, 3.42559179E-02, 7.76975107E-03
8.22641522E+00, 8.24766217E+00, 3.43209750E-02, 7.76770917E-03
8.24766217E+00, 8.26890181E+00, 3.44319411E-02, 7.76809114E-03
8.26890181E+00, 8.29013227E+00, 3.44774310E-02, 7.76936558E-03
8.29013227E+00, 8.31135163E+00, 3.45863285E-02, 7.76958258E-03
8.31135163E+00, 8.33259331E+00, 3.46628308E-02, 7.76938994E-03
8.33259331E+00, 8.35382054E+00, 3.47281849E-02, 7.77036863E-03
8.35382054E+00, 8.37506719E+00, 3.48596698E-02, 7.76950503E-03
8.37506719E+00, 8.39629588E+00, 3.48842706E-02, 7.76812561E-03
8.39629588E+00, 8.41754101E+00, 3.49676585E-02, 7.76832345E-03
8.41754101E+00, 8.43876456E+00, 3.50267513E-02, 7.76887214E-03
8.43876456E+00, 8.46000143E+00, 3.51508951E-02, 7.76814162E-03
8.46000143E+00, 8.48125028E+00, 3.52383117E-02, 7.76828915E-03
8.48125028E+00, 8.50247220E+00, 3.52515212E-02, 7.76891135E-03
8.50247220E+00, 8.52370282E+00, 3.53407131E-02, 7.76872203E-03
8.52370282E+00, 8.54494073E+00, 3.53820554E-02, 7.76833303E-03
8.54494073E+00, 8.56618450E+00, 3.55078712E-02, 7.76719063E-03
8.56618450E+00, 8.58739398E+00, 3.55934303E-02, 7.76821511E-03
8.58739398E+00, 8.60864479E+00, 3.56705094E-02, 7.76705433E-03
8.60864479E+00, 8.62985773E+00, 3.56315706E-02, 7.76903321E-03
8.62985773E+00, 8.65110954E+00, 3.58237397E-02, 7.76836887E-03
8.65110954E+00, 8.67235966E+00, 3.58966393E-02, 7.76801934E-03
8.67235966E+00, 8.69356634E+00, 3.59328303E-02, 7.76655843E-03
8.69356634E+00, 8.71480799E+00, 3.60490582E-02, 7.76708802E-03
8.71480799E+00, 8.73604311E+00, 3.61262094E-02, 7.76849144E-03
8.73604311E+00, 8.75727001E+00, 3.61739250E-02, 7.76779689E-03
8.75727001E+00, 8.77852835E+00, 3.62331669E-02, 7.76770726E-03
8.77852835E+00, 8.79973401E+00, 3.63747110E-02, 7.76789809E-03
8.79973401E+00, 8.82096823E+00, 3.64061517E-02, 7.76746023E-03
8.82096823E+00, 8.84223015E+00, 3.65614644E-02, 7.76787992E-03
8.84223015E+00, 8.86347632E+00, 3.65582587E-02, 7.76646574E-03
8.86347632E+00, 8.88470490E+00, 3.67008381E-02, 7.76735950E-03
8.88470490E+00, 8.90591405E+00, 3.67718537E-02, 7.76627007E-03
8.90591405E+00, 8.92714535E+00, 3.67923111E-02, 7.76749371E-03
8.92714535E+00, 8.94839784E+00, 3.68537594E-02, 7.76615586E-03
8.94839784E+00, 8.96962640E+00, 3.68984415E-02, 7.76732283E-03
8.96962640E+00, 8.99087350E+00, 3.69687693E-02, 7.76622725E-03
8.99087350E+00, 9.01209335E+00, 3.70970916E-02, 7.76410295E-03
9.01209335E+00, 9.03332899E+00, 3.71297222E-02, 7.76587021E-03
9.03332899E+00, 9.05456573E+00, 3.72167001E-02, 7.76724618E-03
9.05456573E+00, 9.07580216E+00, 3.73058662E-02, 7.76560013E-03
9.07580216E+00, 9.09703686E+00, 3.73727578E-02, 7.76666867E-03
9.09703686E+00, 9.11827304E+00, 3.74893902E-02, 7.76631327E-03
9.11827304E+00, 9.13950464E+00, 3.75189694E-02, 7.76438304E-03
9.13950464E+00, 9.16073958E+00, 3.76249259E-02, 7.76784293E-03
9.16073958E+00, 9.18197655E+00, 3.77189685E-02, 7.76641703E-03
9.18197655E+00, 9.20320943E+00, 3.77532952E-02, 7.76570288E-03
9.20320943E+00, 9.22444638E+00, 3.78618718E-02, 7.76658816E-03
9.22444638E+00, 9.24568126E+00, 3.79153539E-02, 7.76125401E-03
9.24568126E+00, 9.26691268E+00, 3.79618033E-02, 7.76432124E-03
9.26691268E+00, 9.28814901E+00, 3.80671947E-02, 7.76547548E-03
9.28814901E+00, 9.30938407E+00, 3.81532062E-02, 7.76647510E-03
9.30938407E+00, 9.33061649E+00, 3.81715842E-02, 7.76580643E-03
9.33061649E+00, 9.35184988E+00, 3.83117333E-02, 7.76451609E-03
9.35184988E+00, 9.37308796E+00, 3.83035125E-02, 7.76541654E-03
9.37308796E+00, 9.39431936E+00, 3.83803667E-02, 7.76557321E-03
9.39431936E+00, 9.41555795E+00, 3.85393104E-02, 7.76425973E-03
9.41555795E+00, 9.43679227E+00, 3.85952959E-02, 7.76554541E-03
9.43679227E+00, 9.45802611E+00, 3.86106038E-02, 7.76545861E-03
9.45802611E+00, 9.47925816E+00, 3.86742125E-02, 7.76567809E-03
9.47925816E+00, 9.50049233E+00, 3.87635911E-02, 7.76527758E-03
9.50049233E+00, 9.52172738E+00, 3.88271154E-02, 7.76501276E-03
9.52172738E+00, 9.54296202E+00, 3.89395977E-02, 7.76503877E-03
9.54296202E+00, 9.56419500E+00, 3.90386238E-02, 7.76411735E-03
9.56419500E+00, 9.58543037E+00, 3.90666939E-02, 7.76527398E-03
9.58543037E+00, 9.60666692E+00, 3.91885314E-02, 7.76397054E-03
9.60666692E+00, 9.62790343E+00, 3.92286551E-02, 7.76467622E-03
9.62790343E+00, 9.64913313E+00, 3.92987676E-02, 7.76488025E-03
9.64913313E+00, 9.67037122E+00, 3.93859708E-02, 7.76521194E-03
9.67037122E+00, 9.69160551E+00, 3.94835220E-02, 7.76560421E-03
9.69160551E+00, 9.71284028E+00, 3.95297815E-02, 7.76460913E-03
9.71284028E+00, 9.73407430E+00, 3.95928830E-02, 7.76517088E-03
9.73407430E+00, 9.75530634E+00, 3.96728521E-02, 7.76953259E-03
9.75530634E+00, 9.77654084E+00, 3.97348518E-02, 7.76394624E-03
9.77654084E+00, 9.79777664E+00, 3.98633182E-02, 7.76452334E-03
9.79777664E+00, 9.81901255E+00, 3.99348637E-02, 7.76281057E-03
9.81901255E+00, 9.84024736E+00, 3.99694005E-02, 7.76393764E-03
9.84024736E+00, 9.86147986E+00, 4.00272379E-02, 7.76448498E-03
9.86147986E+00, 9.88271471E+00, 4.01378267E-02, 7.76530761E-03
9.88271471E+00, 9.90395075E+00, 4.02445562E-02, 7.76287321E-03
9.90395075E+00, 9.92518683E+00, 4.02561844E-02, 7.76006816E-03
9.92518683E+00, 9.94642176E+00, 4.03429218E-02, 7.76313519E-03
9.94642176E+00, 9.96765436E+00, 4.04683732E-02, 7.76441177E-03
9.96765436E+00, 9.98888949E+00, 4.04236407E-02, 7.76409827E-03
9.98888949E+00, 1.00101260E+01, 4.06046440E-02, 7.76423323E-03
1.00101260E+01, 1.00313567E+01, 4.06023365E-02, 7.76349910E-03
1.00313567E+01, 1.00525926E+01, 4.06698065E-02, 7.76366455E-03
1.00525926E+01, 1.00738266E+01, 4.07829493E-02, 7.75990168E-03
1.00738266E+01, 1.00950635E+01, 4.09161796E-02, 7.76421325E-03
1.00950635E+01, 1.01162962E+01, 4.09999592E-02, 7.76235637E-03
1.01162962E+01, 1.01375296E+01, 4.10241157E-02, 7.76312928E-03
1.01375296E+01, 1.01587628E+01, 4.10365303E-02, 7.76302668E-03
1.01587628E+01, 1.01800010E+01, 4.11588355E-02, 7.76249230E-03
1.01800010E+01, 1.02012366E+01, 4.12176224E-02, 7.76302420E-03
1.02012366E+01, 1.02224686E+01, 4.12597935E-02, 7.76236472E-03
1.02224686E+01, 1.02437023E+01, 4.13155931E-02, 7.76277207E-03
1.02437023E+01, 1.02649367E+01, 4.14462236E-02, 7.76274629E-03
1.02649367E+01, 1.02861707E+01, 4.14984513E-02, 7.76297855E-03
1.02861707E+01, 1.03074097E+01, 4.15695829E-02, 7.76121725E-03
1.03074097E+01, 1.03286395E+01, 4.16846103E-02, 7.76152353E-03
1.03286395E+01, 1.03498790E+01, 4.17463596E-02, 7.76379368E-03
1.03498790E+01, 1.03711137E+01, 4.18246521E-02, 7.76158384E-03
1.03711137E+01, 1.03923424E+01, 4.19033733E-02, 7.76275462E-03
1.03923424E+01, 1.04135778E+01, 4.19693215E-02, 7.76234039E-03
1.04135778E+01, 1.04348119E+01, 4.20671831E-02, 7.76189699E-03
1.04348119E+01, 1.04560507E+01, 4.21367008E-02, 7.76249979E-03
1.04560507E+01, 1.04772862E+01, 4.21634273E-02, 7.76216594E-03
1.04772862E+01, 1.04985172E+01, 4.21832873E-02, 7.76160588E-03
1.04985172E+01, 1.05197496E+01, 4.22848824E-02, 7.75612317E-03
1.05197496E+01, 1.05409898E+01, 4.23986576E-02, 7.76204736E-03
1.05409898E+01, 1.05622222E+01, 4.24761385E-02, 7.76171088E-03
1.05622222E+01, 1.05834604E+01, 4.26013691E-02, 7.76112260E-03
1.05834604E+01, 1.06046886E+01, 4.26213994E-02, 7.76102183E-03
1.06046886E+01, 1.06259278E+01, 4.27030252E-02, 7.76234672E-03
1.06259278E+01, 1.06471623E+01, 4.27083312E-02, 7.76235021E-03
1.06471623E+01, 1.06683984E+01, 4.28198797E-02, 7.76119065E-03
1.06683984E+01, 1.06896277E+01, 4.29034119E-02, 7.76121669E-03
1.06896277E+01, 1.07108641E+01, 4.28643147E-02, 7.76104760E-03
1.07108641E+01, 1.07320992E+01, 4.30534343E-02, 7.76100652E-03
1.07320992E+01, 1.07533318E+01, 4.30875387E-02, 7.75962160E-03
1.07533318E+01, 1.07745686E+01, 4.31908551E-02, 7.76052382E-03
1.07745686E+01, 1.07958010E+01, 4.32428250E-02, 7.76110986E-03
1.07958010E+01, 1.08170357E+01, 4.33021956E-02, 7.76027785E-03
1.08170357E+01, 1.08382716E+01, 4.35061492E-02, 7.76013442E-03
1.08382716E+01, 1.08595079E+01, 4.34547983E-02, 7.75932271E-03
1.08595079E+01, 1.08807434E+01, 4.35958221E-02, 7.76018036E-03
1.08807434E+01, 1.09019774E+01, 4.35931601E-02, 7.75950406E-03
1.09019774E+01, 1.09232087E+01, 4.36663468E-02, 7.76005576E-03
1.09232087E+01, 1.09444443E+01, 4.37350195E-02, 7.76051947E-03
1.09444443E+01, 1.09656753E+01, 4.38959373E-02, 7.76015009E-03
1.09656753E+01, 1.09869169E+01, 4.39003211E-02, 7.75978564E-03
1.09869169E+01, 1.10081519E+01, 4.39958402E-02, 7.76011496E-03
1.10081519E+01, 1.10293793E+01, 4.40711339E-02, 7.75966288E-03
1.10293793E+01, 1.10506145E+01, 4.40764742E-02, 7.75963241E-03
1.10506145E+01, 1.10718484E+01, 4.42416433E-02, 7.75925489E-03
1.10718484E+01, 1.10930884E+01, 4.42362495E-02, 7.75879411E-03
1.10930884E+01, 1.11143252E+01, 4.43398874E-02, 7.75943338E-03
1.11143252E+01, 1.11355578E+01, 4.43802871E-02, 7.76013930E-03
1.11355578E+01, 1.11567938E+01, 4.44632528E-02, 7.75916681E-03
1.11567938E+01, 1.11780236E+01, 4.44884217E-02, 7.75989808E-03
1.11780236E+01, 1.11992635E+01, 4.46800332E-02, 7.75872696E-03
1.11992635E+01, 1.12204955E+01, 4.46584537E-02, 7.75953181E-03
1.12204955E+01, 1.12417270E+01, 4.47781860E-02, 7.75926807E-03
1.12417270E+01, 1.12629661E+01, 4.48593176E-02, 7.75958028E-03
1.12629661E+01, 1.12841942E+01, 4.49755478E-02, 7.75984040E-03
1.12841942E+01, 1.13054280E+01, 4.50083770E-02, 7.75849858E-03
1.13054280E+01, 1.13266666E+01, 4.50586484E-02, 7.75888804E-03
1.13266666E+01, 1.13479004E+01, 4.51561647E-02, 7.75865116E-03
1.13479004E+01, 1.13691373E+01, 4.51890407E-02, 7.75814361E-03
1.13691373E+01, 1.13903673E+01, 4.52353992E-02, 7.75873631E-03
1.13903673E+01, 1.14116078E+01, 4.52777067E-02, 7.75800938E-03
1.14116078E+01, 1.14328396E+01, 4.53451433E-02, 7.75981136E-03
1.14328396E+01, 1.14540710E+01, 4.55522382E-02, 7.75858349E-03
1.14540710E+01, 1.14753103E+01, 4.55822284E-02, 7.75817991E-03
1.14753103E+01, 1.14965474E+01, 4.57198801E-02, 7.75979489E-03
1.14965474E+01, 1.15177815E+01, 4.56833067E-02, 7.75861998E-03
1.15177815E+01, 1.15390116E+01, 4.57346461E-02, 7.75812881E-03
1.15390116E+01, 1.15602462E+01, 4.57258316E-02, 7.75864983E-03
